Source : http://www.celestrak.com/NORAD/elements/stations.txt


ISS (ZARYA)             
1 25544U 98067A   16263.88839120  .00003353  00000-0  58382-4 0  9991
2 25544  51.6459 305.5879 0005976 341.5578  14.3460 15.53884132 19715
TIANGONG 1              
1 37820U 11053A   16263.81635569  .00020246  00000-0  19363-3 0  9990
2 37820  42.7638  40.0501 0016180 333.8662 179.3211 15.66138151285409
SPINSAT                 
1 40314U 98067FL  16263.51490495  .00042169  00000-0  18541-3 0  9991
2 40314  51.6325 247.8686 0005337  63.7317 296.4235 15.84108870155039
S-CUBE                  
1 40898U 98067GY  16263.48969829  .00096110  00000-0  37612-3 0  9991
2 40898  51.6279 269.5542 0000884  26.3754 333.7295 15.86217427 57637
AGGIESAT 4              
1 41313U 98067HP  16262.75686153  .00013370  00000-0  15416-3 0  9994
2 41313  51.6395 304.0200 0002669 196.0091 164.0819 15.62287479 36347
BEVO 2                  
1 41314U 98067HQ  16263.09302417  .00027425  00000-0  26176-3 0  9992
2 41314  51.6332 298.6347 0000945 193.4685 166.6286 15.66540118 36245
PROGRESS-MS 02          
1 41436U 16022A   16262.49897568  .00004370  00000-0  73873-4 0  9998
2 41436  51.6467 312.5122 0006043 335.3395 163.0787 15.53876789 26592
MINXSS                  
1 41474U 98067HU  16263.51489830  .00034303  00000-0  38486-3 0  9991
2 41474  51.6416 303.8512 0002136  77.5997 282.5236 15.62315207 19654
CADRE                   
1 41475U 98067HV  16263.51382253  .00064819  00000-0  61303-3 0  9992
2 41475  51.6380 302.3216 0002776  39.6382 320.4816 15.66360710 19678
STMSAT-1                
1 41476U 98067HW  16263.51051394  .00033290  00000-0  37231-3 0  9994
2 41476  51.6392 303.8080 0002430  55.3114 304.8108 15.62411792 19563
NODES 2                 
1 41477U 98067HX  16263.51804272  .00024280  00000-0  29605-3 0  9991
2 41477  51.6390 304.6067 0002253  73.6986 286.4255 15.60341362 19559
NODES 1                 
1 41478U 98067HY  16263.52134066  .00024356  00000-0  29768-3 0  9994
2 41478  51.6388 304.6274 0002174  73.2050 286.9182 15.60276854 19554
FLOCK 2E'-1             
1 41479U 98067HZ  16263.53722662  .00014334  00000-0  18835-3 0  9999
2 41479  51.6428 305.1568 0002760 324.5786 190.9354 15.58769818 19505
FLOCK 2E'-3             
1 41480U 98067JA  16263.52470280  .00018134  00000-0  23447-3 0  9993
2 41480  51.6394 305.1025 0001452 342.5888 161.0539 15.58995965 19505
FLOCK 2E'-2             
1 41481U 98067JB  16263.75427236  .00015316  00000-0  19625-3 0  9994
2 41481  51.6421 303.7101 0003003 335.3504 130.5308 15.59377018 19526
FLOCK 2E'-4             
1 41482U 98067JC  16263.39540326  .00021881  00000-0  28086-3 0  9996
2 41482  51.6435 305.8365 0002867  24.5331  68.9479 15.59051579 19466
FLOCK 2E-1              
1 41483U 98067JD  16263.53809826  .00014290  00000-0  18569-3 0  9997
2 41483  51.6441 305.1856 0002938  59.3436  87.6265 15.59069520 19357
FLOCK 2E-2              
1 41484U 98067JE  16263.52391426  .00014154  00000-0  18473-3 0  9992
2 41484  51.6461 305.0748 0002121  59.8145  98.2374 15.58962804 19350
LEMUR-2-THERESACONDOR   
1 41485U 98067JF  16263.54950185  .00038650  00000-0  42974-3 0  9998
2 41485  51.6435 303.7510 0003019   6.8988 144.0075 15.62487267 19334
FLOCK 2E-3              
1 41486U 98067JG  16263.74028171  .00015434  00000-0  20522-3 0  9992
2 41486  51.6436 304.3794 0001887 120.0508 342.1584 15.58384251 19414
FLOCK 2E-4              
1 41487U 98067JH  16263.53302160  .00013687  00000-0  17985-3 0  9990
2 41487  51.6432 305.1497 0002075 114.6204  31.0165 15.58815229 19381
LEMUR-2-NICK-ALLAIN     
1 41488U 98067JJ  16263.55823093  .00036601  00000-0  41275-3 0  9996
2 41488  51.6437 303.8024 0002987  14.8910 139.9896 15.62148626 19334
LEMUR-2-KANE            
1 41489U 98067JK  16263.54012649  .00037804  00000-0  41783-3 0  9993
2 41489  51.6411 303.6923 0002692  39.6496 110.9034 15.62652392 18589
LEMUR-2-JEFF            
1 41490U 98067JL  16263.55029806  .00043033  00000-0  47614-3 0  9999
2 41490  51.6443 303.7546 0003944  31.2407 120.8431 15.62560039 19330
FLOCK 2E-6              
1 41563U 98067JM  16262.53353519  .00013456  00000-0  18029-3 0  9992
2 41563  51.6435 310.4854 0002829 320.9842 180.6825 15.58311593 17288
FLOCK 2E-5              
1 41564U 98067JN  16263.56316567  .00012696  00000-0  17029-3 0  9993
2 41564  51.6441 305.3373 0002938 340.5505 174.2775 15.58342905 17431
FLOCK 2E-7              
1 41565U 98067JP  16263.54034084  .00015790  00000-0  20546-3 0  9999
2 41565  51.6439 305.1879 0002477 158.0363 349.4601 15.58942186 17330
FLOCK 2E-8              
1 41566U 98067JQ  16263.53470625  .00035101  00000-0  42940-3 0  9994
2 41566  51.6425 305.1480 0002270 126.2221  24.0791 15.60049550 17326
FLOCK 2E'-5             
1 41567U 98067JR  16263.58306863  .00011889  00000-0  16158-3 0  9991
2 41567  51.6444 305.4504 0003038 203.9364 317.6938 15.58059000 17302
FLOCK 2E'-6             
1 41568U 98067JS  16263.74212016  .00012764  00000-0  17017-3 0  9994
2 41568  51.6434 304.3813 0002353 212.6662 249.5682 15.58500251 17364
FLOCK 2E'-8             
1 41569U 98067JT  16263.53289307  .00015400  00000-0  19985-3 0  9995
2 41569  51.6435 305.1395 0001571  47.6850 102.4714 15.59035619 17215
FLOCK 2E'-7             
1 41570U 98067JU  16263.40678712  .00015032  00000-0  19647-3 0  9991
2 41570  51.6438 305.9029 0001959  51.0921  52.6658 15.58866754 17214
FLOCK 2E-9              
1 41571U 98067JV  16263.53699807  .00016529  00000-0  21248-3 0  9996
2 41571  51.6452 305.1606 0002566 161.9782 348.4540 15.59225761 17196
FLOCK 2E-10             
1 41572U 98067JW  16263.54073763  .00016457  00000-0  21411-3 0  9997
2 41572  51.6434 305.1950 0003063 184.7548 322.8573 15.58909117 17190
FLOCK 2E-12             
1 41573U 98067JX  16263.54183971  .00015073  00000-0  19630-3 0  9994
2 41573  51.6417 305.2072 0002820 210.5322 297.3754 15.58960879 17195
FLOCK 2E-11             
1 41574U 98067JY  16263.52438800  .00016780  00000-0  21535-3 0  9990
2 41574  51.6415 305.0752 0003058 217.2532 293.9538 15.59255948 17195
FLOCK 2E'-9             
1 41575U 98067JZ  16263.52640477  .00016383  00000-0  21077-3 0  9996
2 41575  51.6411 305.0905 0003947 245.4044 262.7106 15.59208545 17185
FLOCK 2E'-10            
1 41576U 98067KA  16263.54854205  .00017952  00000-0  23329-3 0  9990
2 41576  51.6438 305.2453 0003122 245.3365 264.3060 15.58867648 17085
FLOCK 2E'-11            
1 41577U 98067KB  16263.40700215  .00017560  00000-0  22772-3 0  9993
2 41577  51.6444 305.8981 0002739 198.6843 264.4267 15.58941067 16884
FLOCK 2E'-12            
1 41578U 98067KC  16263.74037160  .00016661  00000-0  21811-3 0  9997
2 41578  51.6420 304.3712 0002178 188.4753 273.5560 15.58733103 16932
SOYUZ-MS 01             
1 41639U 16044A   16262.49897568  .00004370  00000-0  73873-4 0  9997
2 41639  51.6467 312.5122 0006043 335.3395 163.0787 15.53876789 11434
PROGRESS-MS 03          
1 41670U 16045A   16262.49897568  .00004370  00000-0  73873-4 0  9993
2 41670  51.6467 312.5122 0006043 335.3395 163.0787 15.53876789  9896
FLOCK 2E'-13            
1 41761U 98067KH  16263.52817780  .00008813  00000-0  13780-3 0  9997
2 41761  51.6452 307.3618 0008604 330.7253 180.7896 15.54588560   717
FLOCK 2E'-14            
1 41762U 98067KJ  16263.52810439  .00015417  00000-0  23502-3 0  9993
2 41762  51.6461 307.3586 0009168 333.3779 177.9332 15.54634383   718
FLOCK 2E'-16            
1 41763U 98067KK  16263.52973230  .00016828  00000-0  25729-3 0  9993
2 41763  51.6444 307.3558 0008188 339.8886 177.2859 15.54485882   670
FLOCK 2E'-15            
1 41764U 98067KL  16263.52976244  .00014887  00000-0  22838-3 0  9993
2 41764  51.6454 307.3556 0008932 342.7598 174.8682 15.54493768   679
FLOCK 2E'-18            
1 41769U 98067KM  16263.77835801  .00011752  00000-0  18156-3 0  9994
2 41769  51.6436 306.1159 0007769   1.1508 109.4743 15.54554251   716
FLOCK 2E'-17            
1 41776U 98067KN  16263.52927767  .00016994  00000-0  25824-3 0  9991
2 41776  51.6443 307.3554 0006631   0.1263 157.0028 15.54657739   662
FLOCK 2E'-20            
1 41777U 98067KP  16263.52923324  .00021291  00000-0  32139-3 0  9990
2 41777  51.6460 307.3564 0008241 356.8523 159.4313 15.54659142   621
FLOCK 2E'-19            
1 41782U 98067KQ  16263.52845368  .00022631  00000-0  34169-3 0  9991
2 41782  51.6446 307.3666 0005559 354.7465 156.5881 15.54630241   497
